2236347059
2236347060
2236876026
2502894011
2503692000
2504643024
2507262019
2508501007
2509601037
2510461018
2510461024
2510461056
2511231064
2511231079
2511231081
2511231086
2511231144
2511231180
2511231181
2511231188
2512047034
2512047037
2512047051
2512047058
2512047082
2513237176
2513237178
2513237320
2513237326
2513237340
2514885000
2515154053
2516493007
2516653028
2516653029
2516653086
2517487003
2519103075
2519103087
2519103114
2519103124
2519103125
2519103127
2519103147
2519103152
2519899585
2519899712
2519899713
2519899778
2521172591
2521172695
2521172697
2523231045
2523231047
2523231081
2523533591
2523533632
2524023183
2524023215
2524614525
2524614646
2528311104
2529292565
2529293106
2529293282
2531839037
2531839097
2531839177
2531839224
2531839309
2531839361
2531839525
2531839540
2531839574
2531839680
2534681955
2534682028
2534682116
2534682240
2537561635
2537561811
2537561852
2537561854
2537561865
2537561869
2537561924
2537561971
2537561976
2537562004
2537562007
2537562008
2537562034
2537562120
2537562134
2537562147
2537562214
2540341161
2540341184
2541046990
2541047086
2541047115
2541047118
2541047154
2541047465
2541047556
2541047992
2541048009
2545824523
2545824566
2545824680
2545824682
2545824692
2545824697
2545824722
2545824739
2545824776
2545824777
2546825540
2546825542
2546825543
2546825544
2546825545
2547132038
2547132108
2547132131
2547132140
2547132143
2547132164
2547132175
2547132184
2547132205
2547132222
2547132225
2547132227
2547132228
2547132229
2547132230
2547132251
2547132257
2547132303
2547132312
2547132419
2547132467
2548876536
2548876686
2548876714
2548876779
2548876808
2548876810
2548876816
2548876817
2548876851
2548876913
2548876977
2548876984
2548876995
2548877000
2548877017
2548877019
2548877020
2548877029
2548877052
2551306112
2551306116
2551306117
2551306142
2551306143
2551306147
2551306173
2551306217
2551306330
2551306344
2551306366
2551306372
2551306385
2551306408
2551306422
2551306425
2551306459
2551306466
2551306473
2551306477
2551306505
2551306534
2551306546
2551306548
2551306637
2551306666
2551306672
2551306677
2551306679
2551306681
2554235018
2554235027
2554235030
2554235036
2554235102
2554235191
2554235195
2554235357
2554235470
2556793010
2556793022
2558309009
2558860244
2558860262
2561511200
2562617037
2562617039
2562617041
2562617127
2563366559
2563366569
2563366593
2563366745
2563366756
2565956555
2565956590
2568526408
2568526744
2571042120
2571042717
2571042748
2571042868
2574180269
2576861435
2576861490
2576861554
2576861787
2579778685
2579778767
2579778781
2579778832
2579778836
2579778933
2579779127
2582580765
2585427616
2585427617
2585427618
2585427643
2585427654
2585427968
2588253743
2588253754
2588253842
2590828654
2593339110
2597489808
2597489872
2597489885
2597490108
2597490156
2597490176
2597490195
2597490269
2597490284
2597490286
2597490318
2700988609
2700988623
2700988730
2703719182
2703719187
2703719210
2703719304
2703719305
2703719307
2703719311
2703719312
2703719314
2703719318
2708742393
2711768182
2711768626
2711768656
2713896754
2713896756
2713896759
2713896801
2713896818
2713896841
2713896894
2713896992
2713896993
2713896995
2713896996
2713897211
2713897225
2716884863
2718217648
2718217805
2718217951
2718217994
2718218023
2718218053
2718218089
2718218193
2718218194
2718218202
2718218246
2718218256
2718218421
2721755156
2721755162
2721755163
2721755164
2721755165
2721755166
2721755167
2721755168
2721755169
2721755170
2721755171
2721755172
2721755173
2721755517
2721755581
2721755670
2724678950
2724678951
2724678955
2724678993
2724678996
2724678998
2724679004
2724679011
2724679014
2724679040
2724679060
2724679183
2724679235
2724679456
2724679463
2724679464
2724679465
2724679549
2724679557
2724679563
2724679564
2724679566
2724679568
2724679569
2724679570
2724679572
2724679573
2724679575
2724679576
2724679577
2724679579
2724679581
2724679741
2724679742
2728368986
2728368988
2728369071
2728369072
2728369078
2728369111
2728369146
2728369162
2728369353
2728369374
2728369394
2728369562
2728369569
2728369572
2728369628
2731957553
2731957555
2731957572
2731957573
2731957575
2731957577
2731957594
2731957596
2731957600
2731957616
2731957619
2731957627
2731957632
2731957636
2731957647
2731957648
2731957650
2731957651
2731957661
2731957673
2731957676
2731957678
2731957693
2731957705
2731957713
2731957723
2731957724
2731957726
2731957729
2731957741
2731957742
2731957745
2731957747
2731957753
2734482389
2734482390
2738541310
2738541316
2738541320
2738541322
2740891815
2740892353
2740892356
2740892463
2740892511
2744054452
2744054482
2744054487
2744054500
2744054503
2744054510
2744054515
2744054540
2744054545
2744054556
2744054597
2744054598
2744054599
2744054664
2744054782
2744054783
2744054789
2744054790
2744054792
2744054794
2744054926
2744054930
2744055066
2744055067
2744055071
2744055074
2744055076
2747842422
2751185670
2751185703
2751185723
2751185739
2751185747
2751185749
2751185758
2751185766
2751185772
2751185777
2751185780
2751185783
2751185791
2751185793
2751185805
2751185829
2751185831
2751185875
2751186014
2751186015
2751186016
2751186020
2751186021
2751186022
2751186023
2751186025
2751186027
2751186028
2751186029
2751186031
2751186034
2754412309
2754412310
2754412311
2754412312
2754412313
2754412314
2754412315
2754412317
2754412318
2754412319
2754412320
2754412322
2754412324
2754412325
2754412326
2754412327
2754412328
2754412329
2754412334
2754412335
2754412336
2754412346
2754412347
2754412348
2754412349
2754412350
2754412354
2754412355
2754412356
2754412357
2754412358
2754412359
2754412360
2754412361
2754412362
2754412363
2754412365
2754412368
2754412369
2754412376
2754412377
2754412378
2754412380
2754412381
2754412382
2754412383
2754412385
2754412386
2754412387
2754412390
2754412392
2754412395
2754412399
2754412402
2754412403
2754412404
2754412405
2754412609
2756170197
2756170198
2756170199
2757320369
2757320695
2757320847
2757320860
2757320885
2757320889
2758568003
2758568004
2758568006
2758568007
2758568015
2758568018
2765235856
2765235943
2765235968
2765235969
2765235970
2765235971
2765235973
2765235975
2765235992
2765235995
2765236000
2765236006
2765236010
2765236013
2765236015
2765236017
2765236022
2765236031
2765236032
2765236033
2765236036
2765236038
2767802003
2767802007
2767802008
2767802009
2767802018
2767802023
2767802026
2767802034
2767802036
2767802056
2767802057
2767802058
2767802067
2767802079
2767802087
2767802092
2767802096
2767802097
2767802109
2767802110
2767802111
2767802113
2767802120
2767802123
2767802133
2767802135
2767802227
2767802230
2767802231
2767802261
2767802262
2767802264
2767802265
2767802267
2767802268
2767802269
2767802270
2767802271
2767802272
2767802273
2767802275
2767802276
2767802278
2767802281
2767802285
2767802286
2767802315
2767802438
2767802752
2767802753
2767802755
2767802756
2767802757
2770939456
2772190610
2772190661
2772190668
2772190669
2772190671
2772190672
2772190673
2772190708
2772190709
2772190728
2772190730
2772190740
2772190741
2772190748
2772190749
2772190750
2772190753
2772190762
2772190770
2772190773
2772190779
2772190783
2773857788
2773857792
2773857803
2773857839
2773857909
2773857963
2773857969
2773857974
2773857975
2773857979
2773858006
2773858007
2773858008
2773858014
2773858041
2775506700
2775506844
2775506859
2775506909
2775506911
2775506921
2775506939
2775506968
2775506969
2775506971
2775507004
2775507041
2775507046
2775507082
2775507083
2775507085
2775507088
2775507089
2775507090
2775507095
2775507096
2775507097
2775507102
2775507103
2775507104
2775507105
2775507106
2775507110
2775507117
2775507121
2775507123
2775507127
2775507130
2775507132
2775507133
2775507140
2775507142
2775507147
2775507148
2775507154
2775507155
2775507157
2775507163
2775507166
2775507168
2775507176
2775507183
2775507187
2775507188
2775507196
2775507200
2775507232
2775507233
2775507249
2775507275
2775507281
2775507282
2778261511
2781125701
2784132035
2784132100
2784132102
2784132153
2785510704
2786546100
2786546172
2786546835
2786546838
2786546892
2788499961
2788500222
2788500365
2788500485
2788500614
2791354873
2791354904
2791354913
2791354944
2791354956
2791354984
2791354995
2791354996
2791354997
2791355000
2791355007
2791355012
2791355030
2791355040
2791355042
2791355043
2791355044
2791355045
2791355046
2791355049
2791355085
2791355089
2791355109
2791355125
2791355221
2791355255
2791355297
2791355328
2791355354
2791355405
2791355412
2791355413
2791355414
2791355415
2791355417
2791355423
2791355424
2791355426
2791355427
2791355428
2791355431
2791355480
2791355483
2791355484
2791355509
2791355644
2802429204
2802429217
2802429238
2802429239
2802429243
2802429267
2802429305
2802429317
2802429321
2802429330
2802429333
2802429342
2802429422
2802429631
2802429642
2802429647
2806310494
2806310496
2806310735
2806310738
2806310739
2806310750
2806311005
2806311026
2808606524
2808606526
2808606543
2808606629
2808606695
2808606697
2808606702
2808606704
2808606825
2808606827
2808606829
2808606831
2808606832
2808606833
2808606835
2808606836
2808606837
2808606838
2808606839
2808606840
2808606842
2808606844
2808606845
2808606846
2808606847
2808606848
2808606851
2808606852
2808606853
2808606854
2808606857
2808606858
2808606859
2808606860
2808606862
2808606864
2808606866
2808606867
2808606872
2808606873
2808606874
2808606875
2808606876
2808606878
2808606881
2808606882
2808606884
2808606885
2808606888
2808606889
2808606890
2808606891
2808606894
2808606900
2808606901
2808606902
2808606904
2808606905
2808606908
2808606909
2808606911
2808606912
2808606913
2808606917
2808606918
2808606919
2808606920
2808606922
2808606926
2808606929
2808606931
2808606932
2808606936
2808606943
2808606944
2808606945
2808606947
2808606948
2808606949
2808606950
2808606953
2811994803
2811995000
2811995001
2811995006
2811995011
2811995076
2811995132
2811995186
2811995187
2811995275
2811995326
2811995330
2811995334
2811995335
2811995342
2811995347
2811995369
2814122901
2814122976
2814123062
2814123086
2814123115
2814123193
2814123201
2814123435
2814123438
2814123439
2814123441
2814123444
2816332130
2816332131
2816332249
2816332254
2816332257
2816332258
2816332259
2816332260
2816332261
2816332270
2816332272
2816332275
2816332276
2816332277
2816332278
2816332279
2816332282
2816332320
2816332333
2816332348
2816332450
2816332572
2816332576
2816332577
2816332578
2816332579
2816332581
2816332582
2816332584
2816332588
2816332646
2816332650
2816332668
2816332669
2821672299
2822095626
2822138505
2822344979
2822387748
2822406239
2822424736
2822488404
2822507784
2822514071
2822559368
2822641076
2822801478
2822807559
2823029256
2823085479
2823408088
2823489066
2823892816
2824026448
2824030564
2825563536
2825657510
2825670193
2826603295
2826615183
2826662846
2826669015
2826714653
2826726429
2826732875
2826757802
2826830488
2826836699
2826855500
2826910767
2826937890
2826944386
2831032847
2831233980
2831242581
2831254795
2831261926
2831278292
2831575413
2831578508
2831614218
2831701549
2831720845
2831851512
2832032608
2832085192
2832090241
2832102650
2832134320
2832142748
2832187548
2832234917
2832303850
2832576359
2832587005
2832597214
2832614235
2832633208
2832653566
2832672229
2832690012
2832710421
2832733198
2832736457
2832774960
2832801382
2832818832
2832836979
2832916303
2833539487
2833611726
2833627981
2833762738
2833770179
2833778570
2833787475
2833795578
2833812900
2833830370
2833868136
2834113715
2834213753
2834219415
2834284710
2834342532
2834352713
2834363174
2834507750
2834527210
2834542391
2834572817
2834581927
2834588341
2834611595
2834688942
2834816687
2835103816
2835173708
2835191852
2835223424
2835284700
2835547190
2836654805
2837060743
2837094021
2837153537
2837156709
2837279015
2837289379
2837328691
2837455513
2837485817
2837695235
2838383513
2838804460
2838843591
2838923001
2839041616
2839061667
2839076428
2839106452
2839167154
2839195618
2839216549
2839229335
2839296793
2839472805
2839490390
2839600416
2839605667
2839627365
2839682702
2839730944
2839739408
2839981752
2840032151
2840037452
2840155415
2840160255
2840165596
2840291538
2840295859
2840300101
2840377563
2840472181
2840564304
2840572291
2840807575
2840912660
2841002413
2841141743
2841205229
2841323159
2841375277
2841408144
2841587249
2841660333
2841729706
2841781988
2842962517
2843178586
2843211267
2843226756
2843237373
2843378535
2843396798
2843500985
2843563119
2843575216
2843681873
2843750665
2843952068
2844054866
2844154294
2844178528
2844213936
2844231116
2844237877
2844244140
2844263686
2844375021
2844496579
2844521893
2844563659
2844571421
2844579153
2845931976
2846530093
2846535271
2846545376
2846631948
2846636927
2846966018
2846984167
2847005498
2847015374
2847026538
2847132159
2847135287
2847289766
2847302830
2847313313
2847424120
2847430126
2847510327
2847519888
2847524369
2847693221
2847699806
2847782834
2847907072
2847995701
2848015127
2848034204
2848038860
2848347683
2848467794
2848619279
2848765105
2848770152
2849502608
2849629056
2849997214
2850068412
2850911323
2851212383
2851239879
2851350916
2851689844
2851870198
2852099584
2852266753
2852435927
2854257769
2854263934
2854269921
2854275793
2854294894
2854334718
2854862567
2854873806
2854886440
2854935325
2854982711
2854996976
2855273060
2855277504
2855442136
2855540664
2855565970
2855689977
2855711692
2856018733
2856135535
2856153290
2856224224
2856244778
2856251884
2856263631
2856301153
2856306670
2856602953
2856626968
2856693151
2856722873
2856730350
2856748738
2856758937
2856781440
2856799916
2856816149
2856844358
2856873457
2856988893
2857103517
2857192945
2857197760
2857219447
2858310608
2858317900
2858603254
2858836181
2858875884
2858930803
2859175329
2859301765
2859701846
2859883733
2860167608
2860459907
2860649622
2860684984
2860698732
2860712976
2860815047
2860819427
2861769698
2861773553
2861781867
2861998357
2862186611
2862272186
2862328301
2862421350
2862481585
2862530953
2862553101
2862561106
2862584111
2862650393
2862657943
2862690188
2862697333
2862775503
2862873970
2862970826
2865662781
2865671049
2865696960
2865699734
2865841310
2865939440
2866042470
2866078600
2866144178
2866160541
2866167264
2866182077
2866325816
2866408650
2866412304
2866421903
2866457054
2866470198
2866479873
2866577379
2866619316
2866634289
2866640805
2866649352
2866658371
2866664766
2866683264
2866691068
2866711008
2866717675
2866743011
2866755920
2866772972
2866783905
2866793835
2866816733
2866826726
2866832330
2866841126
2866863905
2866870080
2866937661
2866994952
2867052265
2867064541
2867099237
2867252554
2867279638
2867438103
2867512988
2867521640
2867555429
2867603704
2867610472
2868057807
2868068591
2868116264
2868362200
2868405050
2868425537
2869041381
2869209271
2869298277
2869303341
2869317759
2869836878
2869891414
2870050138
2870668140
2872296317
2872500659
2872511469
2872769900
2872838228
2872861354
2872891511
2872898917
2872914712
2872935496
2872959623
2872998510
2873063797
2873085147
2873114228
2873121168
2873129485
2873216703
2873225630
2873895899
2874694145
2874729722
2875367630
2876844424
2877027499
2877031124
2877037583
2877046496
2877698364
2877713197
2877794441
2878142008
2879311038
2879469214
2879605072
2879640130
2880224358
2880944282
2881004114
2881085443
2881089068
2881121814
2881168774
2881200739
2881489277
2881510181
2881537679
2881576758
2881581841
2881626242
2881725617
2881781554
2881789473
2881795172
2881801170
2881807073
2881812976
2881818675
2881824378
2881829932
2881835490
2881895099
2881966637
2882010045
2882023792
2882029220
2882034188
2882065909
2882150419
2882174919
2882319230
2882451716
2882476486
2882504083
2882553798
2882570903
2882609292
2882640820
2882785813
2882793406
2882815965
2882828558
2882933831
2883052908
2883083057
2883107371
2883162986
2883200189
2883339560
2883386971
2883391222
2883400621
2883440999
2883458875
2883497546
2883523093
2883549309
2883554635
2883663913
2883733613
2883763884
2883785368
2883794882
2883808984
2883830413
2883861899
2883892373
2883900319
2883979228
2883999697
2884033488
2884070903
2884074685
2884112759
2884139569
2884173138
2884184397
2884187402
2884196110
2884301780
2884316459
2884342784
2884355953
2884371665
2884420637
2884424929
2884469456
2884476975
2884500960
2884660177
2884717596
2884726235
2884732360
2884749624
2884786423
2884938176
2884968636
2884989972
2885040319
2885149773
2885155045
2885437305
2885506605
2885533247
2885538475
2885578801
2885601562
2885614368
2885744061
2885747374
2885772184
2885786713
2885792518
2885802934
2885808348
2885836633
2885847919
2885853826
2885859724
2885865436
2885871342
2885877050
2885882604
2885888304
2885894003
2885905433
2885916348
2885922063
2885927794
2885933516
2885939346
2885944559
2885949775
2885955511
2885961229
2885967263
2886047063
2886203185
2886218242
2886225313
2886231304
2886237313
2886434805
2886528837
2886607464
2886653463
2886691817
2886703090
2886789145
2886920973
2886961220
2886977974
2887034460
2887046766
2887072968
2887093151
2887198475
2887240600
2887356921
2887395293
2887415345
2887424752
2887459366
2887565955
2887588665
2887634181
2887642918
2887667708
2887686508
2887698519
2887702855
2887889702
2887894460
2887937166
2887940836
2888003034
2888008229
2888012172
2888037564
2888084233
2888094666
2888173361
2888189931
2888197105
2888261655
2888331157
2888443347
2888460333
2888527248
2888531021
2889408400
2889457274
2889472077
2889482124
2889485916
2889534889
2889543023
2889594662
2889639517
2889685611
2889702653
2889723464
2889745829
2889872889
2889889470
2889934951
2889968763
2889995391
2890070066
2890081466
2890107581
2890189526
2890229285
2890236590
2890282323
2890313192
2890325768
2890329157
2890335426
2890346768
2890407343
2890434777
2890474573
2890477615
2890513493
2890603200
2890694948
2890712368
2890718794
2890741170
2890755264
2890858828
2890896816
2890961847
2890977418
2890985512
2890996508
2891056293
2891074106
2891128709
2891154323
2891201472
2891214406
2891266078
2891367481
2891418749
2891434366
2891447163
2891469028
2891487312
2891524178
2891532459
2891580139
2891592913
2891621223
2891724794
2891732826
2891737540
2891741514
2891830296
2892975571
2892993325
2893000265
2893029610
2893042656
2893079116
2893107199
2893111576
2893115502
2893996143
2894000191
2894144365
2894149465
2894162692
2894222542
2894249648
2894293875
2894328782
2894340795
2894349107
2894352420
2894365520
2894382020
2894393038
2894406311
2894484731
2894494502
2894534501
2894539699
2894545341
2894561161
2894581686
2894620044
2894625894
2894675838
2894688834
2894698865
2894703127
2894712077
2894716054
2894729216
2894858786
2894978065
2894994769
2895025526
2895101209
2895198248
2895241965
2895282158
2895368490
2895413867
2895417512
2895453049
2895476258
2895495289
2895539578
2895555346
2895559670
2895563333
2895666590
2895795890
2895861866
2895965540
2895977020
2896034532
2896078775
2896097955
2896115756
2896138343
2896159243
2896246927
2896293972
2896305689
2896334540
2896347525
2896364036
2896392326
2896564473
2896931668
2896969225
2896977621
2896989894
2897066652
2897123380
2897137741
2897444979
2897483882
2897491509
2897612828
2897633065
2897743071
2897796680
2897809990
2897859610
2897870635
2898074128
2898133256
2898157815
2898334252
2898347999
2898364685
2898369367
2898459757
2898464001
2898492047
2898533625
2898550215
2898580421
2898615884
2898631135
2898700580
2898716849
2898721816
2898902220
2898923055
2899037451
2899203722
2899218128
2899227340
2899237444
2899242639
2899323326
2899332677
2899342247
2899350456
2899377058
2899406411
2899414267
2899476190
2899523734
2899625774
2899634824
2899651099
2899663056
2899678206
2899709758
2899725752
2899771278
2899861419
2899909528
2899938280
2899946620
2899957053
2899961378
2900277485
2900415656
2900422556
2900545227
2900583083
2900604282
2900627977
2900643715
2900653453
2900664082
2900685891
2900857987
2900868694
2901362041
2901657395
2901931842
2901954164
2902016515
2902037648
2902043389
2902175717
2902180186
2902211087
2902498892
2902615391
2902622463
2902727578
2902734411
2902743475
2902773730
2902784389
2902823744
2902831090
2902875198
2902881433
2903045863
2903064123
2903068492
2903154907
2903187332
2903352716
2903468256
2903474358
2903480676
2903486836
2903506739
2903534590
2903791746
2903795123
2903810532
2903870927
2903874737
2903928342
2903931270
2903938217
2903953040
2903967463
2904005555
2904120120
2904181319
2904625520
2904720954
2905660195
2905666118
2905672216
2905684347
2905696560
2906335690
2906348519
2906421392
2906435938
2906672925
2906730848
2906750690
2906754630
2906765283
2906769191
2906773076
2906787369
2906795655
2906870539
2906892708
2906964848
2907189960
2907196573
2907408351
2907420268
2907432789
2907440382
2907448099
2907460495
2907689850
2907736429
2908233240
2908248313
2908259812
2908266656
2908287102
2908416650
2908721084
2908733523
2908794071
2908862393
2908885036
2908896277
2908933813
2909805514
2909975271
2909987439
2910031632
2910195718
2910256470
2910316831
2910331541
2910373999
2910459275
2910470307
2910492695
2910568146
2910690351
2910719429
2910729897
2910749017
2910801340
2910906742
2911031388
2911060244
2911068930
2911083444
2911090615
2911111700
2911160440
2911172825
2911215477
2911219891
2911240273
2911257185
2911267057
2911285605
2911294700
2911304036
2911352100
2911799741
2911818925
2911855028
2911878434
2911902918
2911907227
2911911392
2911914645
2911923941
2911928411
2912000427
2912018104
2912020620
2912025198
2912147531
2912263003
2912874417
2913023320
2913837954
2914081374
2914296723
2914307178
2914832449
2915036707
2915117299
2915270592
2915350061
2915353903
2915371947
2915537349
2915543611
2915553924
2915559927
2915566044
2915578576
2915591067
2915622301
2915749313
2916137223
2916297235
2916525983
2916602691
2916621918
2916661554
2916675936
2916678930
2916685173
2916777264
2916784382
2916795502
2916853388
2916864039
2916868644
2916932696
2917057802
2917148488
2917463979
2917673184
2917677549
2917755165
2917791510
2917802685
2919897874
2920066549
2920074156
2920080394
2920101358
2920138197
2920180002
2920216876
2920292642
2920431847
2920503340
2920542158
2920562772
2920580016
2920707710
2920749221
2920851046
2920858754
2920919548
2920960040
2920985080
2921038491
2921044416
2921278680
2921339674
2921354122
2921383071
2921529670
2921538597
2921657609
2921691928
2922124256
2922139171
2922444769
2922485446
2922548334
2922572707
2922583686
2922684009
2922916889
2923088545
2923108719
2923741611
2924703915
2925007573
2925024407
2925027207
2925057819
2925072211
2925114478
2925129982
2925276867
2925320518
2925550169
2925597055
2925606429
2925621278
2925732014
2926928646
2927562029
2929133275
2929512422
2931407313
2932439877
2932771324
2933566427
2934877363
2936230654
2936259166
2936329364
2936473261
2936489935
2936497056
2936531454
2936556710
2936569826
2936582533
2936603153
2936630411
2938002229
2938008539
2938542164
2938562667
2938590118
2938596948
2938600950
2938608362
2938663919
2938879131
2938900388
2938909398
2941866839
2945865373
2946096398
2956859713
2956893992
2956909913
2956948267
2957077659
2957115151
2957120797
2957956399
2957985925
2958058455
2958078211
2958519378
2958808549
2958816700
2958820523
2958846059
2958853788
2958857977
2958861888
2958870226
2960363523
2960411169
2961085453
2961096083
2961102265
2961108598
2961121543
2961144735
2961151297
2961157691
2961178010
2961787820
2961796213
2961808095
2961824122
2961832447
2961841355
2961911862
2961986669
2961994749
2963540603
2963547723
2964118794
2964332774
2964415208
2965070272
2965075995
2965096642
2965127584
2965133557
2965185113
2965313663
2965789441
2965897571
2965910009
2966282865
2967453637
2967460032
2967463504
2968103375
2968466163
2968481378
2968493124
2968497101
2968500567
2968504877
2968529325
2969107516
2969163610
2969169829
2969276890
2969322162
2969360729
2969842014
2969847006
2970463310
2970476845
2970483457
2970496288
2970518302
2970561965
2970580253
2970587141
2970606607
2970613311
2970634276
2970644115
2970809917
2971276760
2971280440
2971284475
2971288693
2971375140
2971420006
2971428059
2971482039
2971848713
2971862962
2971921252
2972064844
2972070075
2974327924
2974625870
2974672105
2974674860
2974675030
2974675509
2974675586
2974675858
2974675958
2974676059
2974676168
2974676262
2974676344
2974676446
2974676556
2974676656
2974676760
2974676951
2974677034
2974677116
2974677226
2974677331
2974677434
2974677544
2974677650
2974677763
2974677884
2974677983
2974678193
2974678293
2974678399
2974678505
2974678612
2974678922
2974679133
2974679242
2974679342
2974679450
2974679803
2974679907
2974680016
2974680130
2974680227
2974680340
2974680441
2974680555
2974680664
2974680776
2974680878
2974680993
2974681103
2974681202
2974681305
2974681392
2974681505
2974681836
2974681944
2974682137
2974682249
2974682366
2974682664
2974682767
2974682874
2974682986
2974683093
2974683306
2974683423
2974683532
2974683633
2974683735
2974683853
2974684044
2974684152
2974684251
2974684352
2974684556
2974684666
2974684770
2974684856
2974684963
2974685071
2974685172
2974685365
2974685465
2974685644
2974685752
2974685857
2974686280
2974686388
2974686491
2974686592
2974686803
2974686918
2974687024
2974687136
2974687244
2974687342
2974687435
2974687622
2974687833
2974687945
2974688058
2974688168
2974688381
2974688683
2974688870
2974688978
2974689092
2974689190
2974689299
2974689399
2974689719
2974689930
2974690037
2974690146
2974690255
2974690370
2974690478
2974690689
2974690805
2974690918
2974691105
2974691212
2974691315
2974691414
2974691520
2974691633
2974691718
2974691903
2974692011
2974692116
2974692222
2974692335
2974692438
2974692922
2974694807
2974699873
2974700059
2974700145
2974700232
2974700321
2974700415
2974700503
2974700590
2974700682
2974700773
2974700863
2974701227
2974701320
2974701414
2974701533
2974701594
2974701689
2974701791
2974702033
2974702132
2974702231
2974702330
2974702429
2974702526
2974702623
2974702714
2974702808
2974702911
2974703057
2974703158
2974703250
2974703411
2974703507
2974703599
2974703695
2974703789
2974703886
2974704007
2974704099
2974704197
2974704287
2974704384
2974704529
2974704677
2974704833
2974705176
2974705271
2974705369
2974705749
2974706209
2974706239
2974707179
2974707214
2974707252
2974707686
2974707785
2974707928
2974708023
2974708128
2974708288
2974708318
2974708351
2974708444
2974708645
2974708746
2974708842
2974709391
2974709487
2974709580
2974709759
2974709849
2974709954
2974710055
2974710149
2974710241
2974710331
2974710512
2974710601
2974710697
2974710789
2974711434
2974711611
2974711885
2974711978
2974712755
2974712800
2974715462
2974716960
2974717098
2974717813
2974719961
2974720041
2974720121
2974721243
2974722044
2974722133
2974723332
2974725713
2974725779
2974725845
2974725912
2974725978
2974726114
2974726215
2974726347
2974726413
2974726480
2974726584
2974726716
2974726783
2974726984
2974727032
2974727715
2974727783
2974727859
2974733114
2974737826
2974747896
2974747984
2974748073
2974748138
2974748237
2974748441
2974748534
2974748622
2974748708
2974748891
2974748991
2974749168
2974749268
2974749367
2974749469
2974749570
2974749662
2974749759
2974749848
2974749939
2974750029
2974750124
2974750213
2974750502
2974750590
2974750687
2974750785
2974750881
2974750977
2974751076
2974751173
2974751271
2974751360
2974751457
2974751559
2974751653
2974751748
2974751842
2974751938
2974752039
2974752138
2974752377
2974752467
2974752569
2974752650
2974752981
2974753081
2974753385
2974753483
2974753576
2974753674
2974753753
2974753852
2974753940
2974754040
2974754141
2974757901
2974758004
2974758100
2974758171
2974758252
2974758325
2974758423
2974758523
2974758904
2974758992
2974759082
2974759174
2974759538
2974759902
2974760030
2974760119
2974760214
2974760311
2974760435
2974760534
2974760633
2974760815
2974760916
2974761018
2974761264
2974761361
2974761454
2974761621
2974761728
2974761827
2974762004
2974762098
2974762305
2974762400
2974762470
2974762670
2974762768
2974763039
2974763108
2974763202
2974763294
2974763393
2974763486
2974763579
2974763842
2974763951
2974764066
2974764196
2974764269
2974764556
2974764736
2974765019
2974765090
2974765185
2974765379
2974765485
2974765576
2974765839
2974766113
2974766183
2974766419
2974766556
2974766823
2974767144
2974767415
2974767480
2974767555
2974767689
2974767874
2974767965
2974768044
2974768151
2974768240
2974770873
2974771716
2974771790
2974771915
2974771932
2974772127
2974772430
2974778346
2974778427
2974778522
2974778606
2974779160
2974779249
2974779603
2974779691
2974779775
2974780056
2974780321
2974780363
2974780444
2974780527
2974780780
2974780860
2974780946
2974781035
2974781114
2974781210
2974781296
2974781641
2974781719
2974781761
2974781839
2974786229
2974786315
2974786402
2974786485
2974786579
2974786844
2974788311
2974788407
2974791188
2974791342
2974791491
2974791771
2974792599
2974792740
2974793205
2974801299
2974808198
2974808388
2976636220
2977302854
2977344546
2977352039
2977368101
2977383563
2977837220
2977880334
2977891968
2977965351
2977980297
2978542714
2979717769
2979752155
2979758534
2979786498
2980108639
2980509816
2980618641
2982195411
2982313808
2982317912
2982482659
2982515390
2982627381
2982748930
2982798266
2982926666
2984059408
2984135543
2984153687
2984167884
2984855497
2984861655
2984867784
2985833854
2986219094
2986269003
2986417361
2986420443
2986423370
2986537368
2986553348
2986607845
2986977954
2987027625
2987224521
2987238251
2987317256
2987326620
2988682418
2988698262
2988722922
2988973709
2988995876
2989091493
2989102051
2989196028
2989242525
2989346343
2989363648
2989400968
2989459580
2989518347
2989522654
2989579052
2989600274
2989646869
2989651257
2989653537
2989681885
2989715788
2989898312
2990187355
2993254755
2993703834
2993804794
2993817682
2993931654
2994003292
2994565256
2994720383
2994741257
2994817734
2994829939
2994949654
2994995616
2995049066
2995068560
2995314968
2995332456
2995351510
2995359428
2995421903
2995427879
2995433469
2995561029
2995578507
2995600109
2995671776
2995701289
2995735932
2995739769
2995750592
2995778543
2995801997
2995869302
2995873130
2995877807
2995882141
2995888930
2995898676
2995902960
2995929187
2995939082
2995945279
2995962925
2995978868
2996027733
2996032556
2996078366
2996118476
2996128997
2996201313
2996356733
2996363057
2996369228
2996375620
2996639394
2996836738
2997124701
2997299476
2997477892
2997488278
2997503601
2997608753
2997657361
2997675321
2997709436
2997737157
2997752372
2997804358
2997815215
2997841020
2997850419
2997853895
2998103878
2998120464
2998775924
2998802039
2998910774
2999178367
2999183340
2999330288
2999580628
2999650683
2999731998
2999740256
2999761178
2999849193
2999993716
3000021310
3000227121
3000436605
3000502491
3000523298
3000531888
3000552781
3000576437
3000579709
3000588399
3000648918
3000744320
3000769200
3000868202
3000901201
3000930146
3001004196
3001015092
3001058412
3001094767
3001115992
3001127723
3001216053
3001220580
3001248900
3001263652
3001285549
3001303120
3001307171
3001323557
3001328088
3001351288
3001376127
3001394551
3001410368
3001428725
3001438861
3001443000
3001635449
3001646850
3001653866
3001662531
3001666676
3001761947
3001780365
3001788001
3001803686
3001817751
3001871000
3001908306
3002054902
3002059502
3002175924
3002214937
3002227723
3002236486
3002240933
3002245378
3002270145
3002274877
3002279264
3002328009
3002357782
3002397616
3002409482
3002413248
3002489321
3002529215
3002561596
3002634491
3002647492
3002719435
3002740085
3002745950
3002763652
3002779868
3002783830
3002876416
3002880894
3002908166
3002937806
3002945907
3002990629
3003056364
3003065788
3003070508
3003075576
3003163278
3003184044
3003245231
3003267012
3003298160
3003327747
3003332182
3003339381
3003465734
3003482994
3003518056
3003540143
3003555109
3003611131
3003614676
3003619556
3003646729
3003788969
3003804240
3003888886
3003906161
3003942279
3003966788
3003987121
3004056985
3004067051
3004077472
3004109746
3004120865
3004135237
3004138508
3004154435
3004161187
3004182270
3004225889
3004263084
3004303626
3004309573
3004728275
3004731060
3004944906
3005010615
3005165138
3005208936
3005397215
3005463592
3005491268
3005498417
3005519726
3005526779
3005533906
3005540859
3005554832
3005564292
3005572326
3005603320
3005617656
3005649199
3005657325
3005665380
3005673398
3005680885
3005688101
3005696501
3005836839
3005957879
3006134750
3006269070
3006413848
3006478148
3006510251
3006525716
3006542515
3006585010
3006594636
3006602372
3006619106
3006648508
3006656665
3006688261
3006716780
3006727898
3006741985
3006757513
3006767159
3006770802
3006774928
3006780512
3006811099
3006841592
3006888179
3006916810
3006922447
3007122562
3007267188
3007290929
3007425842
3007431619
3007437678
3007442566
3007463327
3007468096
3007488259
3007494343
3007528711
3007645781
3007660125
3007706501
3007737930
3007762304
3007768848
3007773358
3007794984
3007799056
3007819985
637000012
637000014
637000019
637000030
637000052
637000076
637000079
637000093
637000234
637000353
638341037
639633005
640069329
640427110
641522626
641522653
641736132
642555111
642555119
642555133
642555138
642791634
643692011
643692020
643886026
643886033
643886071
643886123
643886126
643886131
643886132
643886156
643886157
643886160
643886172
643886174
643886179
644736345
645058822
645058823
645058824
645058827
645058853
645058855
645058857
645951800
645951849
646311936
646564507
646564570
646564576
647000211
647533134
647533185
647533234
647533235
648028004
648028008
648861017
649633001
649633009
649633059
649633068
649989929
650377934
650716009
650716010
650716024
650716031
650716075
651053017
651285011
651324015
651324096
